a
000000000
111000000
000100000
111100000
100100000
011100000

b
100000000
100000000
111100000
100100000
100100000
111100000

c
000000000
000000000
111100000
100000000
100000000
111100000

d
000100000
000100000
111100000
100100000
100100000
111100000

e
000000000
110000000
101000000
111000000
100000000
011000000

f
011100000
010000000
111000000
010000000
010000000
010000000

g
000000000
111000000
101000000
111000000
001000000
111000000

h
100000000
100000000
100000000
111100000
100100000
100100000

i
000000000
100000000
000000000
100000000
100000000
100000000

j
000000000
010000000
000000000
010000000
010000000
110000000

k
100000000
100000000
101000000
111000000
110000000
101000000

l
100000000
100000000
100000000
100000000
100000000
100000000

m
000000000
000000000
111110000
101010000
101010000
101010000

n
000000000
000000000
111100000
100100000
100100000
100100000

o
000000000
000000000
111000000
101000000
101000000
111000000

p
000000000
111000000
101000000
111000000
100000000
100000000

q
000000000
111000000
101000000
111000000
001000000
001000000

r
000000000
000000000
111000000
100000000
100000000
100000000

s
000000000
000000000
111000000
010000000
001000000
111000000

t
010000000
010000000
111000000
010000000
010000000
011100000

u
000000000
000000000
100100000
100100000
100100000
111100000

v
000000000
000000000
100100000
010100000
001100000
000100000

w
000000000
000000000
100100100
010110100
001101100
000100100

x
000000000
000000000
110000000
010000000
011000000
010100000

y
000000000
000000000
101000000
011000000
001000000
001000000

z
000000000
000000000
111000000
001000000
001000000
001110000
