A
100000000
110000000
101000000
111100000
100010000
100001000

B
110000000
101000000
111000000
101000000
100100000
111100000

C
111100000
100000000
100000000
100000000
100000000
111100000

D
111000000
100100000
100100000
100100000
100100000
111100000

E
111100000
100000000
100000000
111000000
100000000
111100000

F
111100000
100000000
111000000
100000000
100000000
100000000

G
111100000
100000000
100000000
101110000
100010000
111110000

H
100100000
100100000
111100000
100100000
100100000
100100000

I
100000000
100000000
100000000
100000000
100000000
100000000

J
111100000
000100000
000100000
000100000
100100000
011100000

K
100100000
100100000
111000000
101000000
100100000
100010000

L
100000000
100000000
100000000
100000000
100000000
111100000

M
100100000
110110000
101101000
100100100
100000010
100000001

N
100001000
110001000
101001000
100101000
100011000
100001000

O
111100000
100100000
100100000
100100000
100100000
111100000

P
111100000
100100000
111100000
100000000
100000000
100000000

Q
111100000
100100000
100100000
101100000
100100000
111110000

R
111000000
100100000
111100000
101000000
100100000
100010000

S
111100000
100000000
111100000
000100000
000100000
111100000

T
111110000
001000000
001000000
001000000
001000000
001000000

U
100100000
100100000
100100000
100100000
100100000
111100000

V
100000000
010000000
001000000
000100000
000010000
000000000

W
100000001
010000001
001001001
000101101
000011011
000001001

X
100100000
010100000
001100000
000100000
000110000
000101000

Y
100100000
010100000
001100000
000100000
000100000
000100000

Z
111100000
000100000
000100000
000100000
000100000
000111100
