A
11110
10010
11110
10010
10010
10010

B
11000
10100
11100
10100
10010
11110

C
11110
10000
10000
10000
10000
11110

D
11100
10010
10010
10010
10010
11110

E
11110
10000
11100
10000
10000
11110

F
11110
10000
11100
10000
10000
10000

G
11110
10000
10000
10111
10001
11111

H
10010
10010
11110
10010
10010
10010

I
10000
10000
10000
10000
10000
10000

J
11110
00010
00010
00010
10010
01110

K
10100
10100
10100
11100
10010
10010

L
10000
10000
10000
10000
10000
11110

M
00000
10100
11110
10101
10000
10000

N
10001
11001
10101
10011
10011
10001

O
11110
10010
10010
10010
10010
11110

P
11110
10010
11110
10000
10000
10000

Q
11110
10010
10010
10110
10010
11111

R
11100
10010
11110
10100
10010
10001

S
11110
10000
11110
00010
00010
11110

T
11111
00100
00100
00100
00100
00100

U
10010
10010
10010
10010
10010
11110

V
10000
01000
00100
00010
00001
00000

W
10000
00000
00000
00000
00010
00010

X
10100
01100
00100
00110
00101
00100

Y
10010
01010
00110
00010
00010
00010

Z
11100
00100
00100
00100
00100
00111
